5863468422
1797228191
2300978407
2736674764
1014994015
1959152067
5646960850
3302520861
5224194716
5473313960
5540530812
1808720580
6200548409
6233474846
5293604763
5905725408
3981808998
2814508092
2812178683
3516126923
6016101337
2111243744
2791992211
3514975481
3152042593
1232128231
1663414103
2700317444
5204632705
1666177401
3114980123
5395005445
5966006071
5772456791
1815333150
5263852933
2283100174
5729238208
5362905187
6210680146
3215735195
5484425789
6013694510
3286447755
2133488857
5331601428
6056397326
6065653506
2652789402
3227014352
3186945861
1701020144
2215183392
5230131005
3231547947
5041531131
2246621055
6236691815
5483618905
6233160772
5805184701
3808000695
2436568792
5576639036
5707135609
1720962692
2500935572
3171356720
2049368710
1844783747
1454682930
2438186025
1764463400
1879778060
6141086679
1743613383
5238237835
3670601622
1798653494
1698921891
5285876473
5512441026
5608003559
1670505167
1560123650
1782869155
2923514764
5347823118
3931645629
2694709623
1243769874
2604161981
1808763010
6168331893
6112447356
5590919408
5336330104
5130178001
5087173011
2273538271
3200413810
1765511867
3893906496
5293276267
5743018158
2904283574
